    0.3175    0.0081    0.0005
    0.3593    0.0111    0.0011
    0.3203    0.0044   -0.0001
    0.3038    0.0081   -0.0004
    0.2665    0.0010    0.0000
    0.4546    0.0174   -0.0018
    0.4447    0.0143    0.0014
    0.3504    0.0092    0.0013
    0.3301    0.0083    0.0004
    0.3297    0.0022    0.0002
    0.3178    0.0067    0.0012
    0.3638    0.0037    0.0001
    0.2900    0.0038    0.0002
    0.3352    0.0049    0.0001
    0.3536    0.0069    0.0008
    0.4187    0.0127    0.0011
    0.5409    0.0169    0.0003
    0.3934    0.0126    0.0012
    0.4125    0.0111   -0.0001
    0.3042    0.0050    0.0005